0101.png 2992 2000 2252 955
0102.png 2992 2000 733 908
0103.png 2992 2000 768 961
0104.png 2992 2000 834 991
0105.png 2992 2000 987 989
0106.png 2992 2000 1042 994
0107.png 1956 1934 1404 889
0108.png 2992 2000 864 940
0109.png 2992 2000 1056 984
0110.png 2992 2000 2232 961
0111.png 2992 2000 945 983
0112.png 2992 2000 728 868
0113.png 2992 2000 2037 1001
0114.png 2992 2000 724 881
0115.png 2992 2000 700 989
0116.png 2992 2000 1912 970
0117.png 1956 1934 1453 915
0118.png 2992 2000 2236 950
0119.png 2992 2000 967 998
0120.png 2992 2000 1019 1043
0121.png 2992 2000 2143 897
0122.png 2992 2000 1852 925
0123.png 2992 2000 2196 884
0124.png 2992 2000 2180 946
0125.png 2992 2000 935 918
0126.png 2992 2000 1924 961
0127.png 2992 2000 1961 1082
0128.png 2992 2000 2201 924
0129.png 2992 2000 844 901
0130.png 2992 2000 787 950
0131.png 2992 2000 2198 849
0132.png 2992 2000 2172 996
0133.png 2992 2000 2209 944
0134.png 2992 2000 2254 967
0135.png 2992 2000 2031 1040
0136.png 2992 2000 2224 870
0137.png 1956 1934 1455 901
0138.png 2992 2000 807 878
0139.png 2992 2000 2079 975
0140.png 2992 2000 766 1043
0141.png 2992 2000 2149 1044
0142.png 2992 2000 1942 1040
0143.png 2992 2000 738 910
0144.png 2992 2000 2150 965
0145.png 2992 2000 2156 873
0146.png 2992 2000 747 951
0147.png 2992 2000 966 1058
0148.png 2992 2000 783 981
0149.png 2992 2000 805 961
0150.png 2992 2000 2182 854
0151.png 2992 2000 978 1027
0152.png 2992 2000 1936 968
0153.png 2992 2000 2161 897
0154.png 2992 2000 1946 1015
0155.png 2992 2000 2272 799
0156.png 2992 2000 2115 942
0157.png 2992 2000 2102 866
0158.png 2992 2000 1997 922
0159.png 2992 2000 871 838
0160.png 1956 1934 1351 913
0161.png 2992 2000 2050 994
0162.png 2992 2000 832 997
0163.png 2992 2000 1927 1022
0164.png 2992 2000 859 835
0165.png 2992 2000 969 1074
0166.png 2992 2000 958 1046
0167.png 2992 2000 2008 939
0168.png 2992 2000 1922 1013
0169.png 2992 2000 2195 947
0170.png 2992 2000 2149 937
0171.png 2992 2000 836 935
0172.png 2992 2000 2065 976
0173.png 2992 2000 971 1094
0174.png 2992 2000 716 943
0175.png 2992 2000 2169 851
0176.png 2992 2000 975 1090
0177.png 1956 1934 1363 878
0178.png 2992 2000 1041 1067
0179.png 2992 2000 2129 1005
0180.png 2992 2000 2106 1044
0181.png 2992 2000 1974 993
0182.png 2992 2000 743 1019
0183.png 1956 1934 1387 940
0184.png 2992 2000 2112 939
0185.png 2992 2000 2178 942
0186.png 2992 2000 2000 1027
0187.png 2992 2000 2139 873
0188.png 2992 2000 1935 1016
0189.png 2992 2000 1955 996
0190.png 2992 2000 801 932
0191.png 2992 2000 801 979
0192.png 2992 2000 973 968
0193.png 1956 1934 1378 931
0194.png 2992 2000 701 873
0195.png 2992 2000 2175 1057
0196.png 2992 2000 2222 898
0197.png 2992 2000 1948 967
0198.png 2992 2000 1002 912
0199.png 2992 2000 2225 892
0200.png 2992 2000 797 924
